278     02-19-2008            1           38           42           55           56           34                                           
277     02-15-2008            7           11           26           30           53           14                                           
276     02-12-2008           14           27           39           47           50           12                                           
275     02-08-2008           21           30           43           46           50           18                                           
274     02-05-2008            4            5           17           40           51           38                                           
273     02-01-2008            3           14           30           44           56            5                                           
272     01-29-2008            8           23           39           40           42           24                                           
271     01-25-2008            5           12           22           38           56           22                                           
270     01-22-2008           12           15           22           25           33            2                                           
269     01-18-2008           12           22           33           43           44           15                                           
268     01-15-2008           21           30           42           44           50            6                                           
267     01-11-2008           22           36           42           45           55           42                                           
266     01-08-2008           10           29           45           52           54           10                                           
265     01-04-2008           24           31           39           40           56           32                                           
264     01-01-2008           13           16           25           30           54           11                                           
263     12-28-2007            2           19           22           28           54           25                                           
262     12-25-2007           19           36           37           48           52            8                                           
261     12-21-2007           14           19           20           43           53            7                                           
260     12-18-2007            3           23           46           48           49            2                                           
259     12-14-2007            4            7           12           17           30           44                                           
258     12-11-2007            6           25           27           30           45           46                                           
257     12-07-2007           12           18           26           28           51           35                                           
256     12-04-2007           16           27           30           45           53           43                                           
255     11-30-2007            5            6           12           26           51            7                                           
254     11-27-2007            9           10           26           29           39           10                                           
253     11-23-2007           18           21           33           42           56           11                                           
252     11-20-2007           14           20           23           42           43            6                                           
251     11-16-2007           12           13           30           31           39           29                                           
250     11-13-2007           15           26           36           39           40           45                                           
249     11-09-2007           11           33           41           42           46           21                                           
248     11-06-2007            3           17           43           46           47            2                                           
247     11-02-2007            1            3           34           49           52           19                                           
246     10-30-2007            2            8           44           46           51           22                                           
245     10-26-2007           12           20           24           38           51            3                                           
244     10-23-2007            2            7           45           52           53           18                                           
243     10-19-2007            5           15           18           23           46           14                                           
242     10-16-2007            1            2            5           41           44           25                                           
241     10-12-2007           21           26           34           44           54           23                                           
240     10-09-2007            1           10           17           32           51           44                                           
239     10-05-2007           10           19           37           40           48            1                                           
238     10-02-2007           28           37           40           43           44           20                                           
237     09-28-2007            4           13           20           25           33           42                                           
236     09-25-2007            2           19           23           47           54           16                                           
235     09-21-2007            5           21           23           33           45           43                                           
234     09-18-2007           20           24           31           34           49            8                                           
233     09-14-2007            5            9           12           33           40           27                                           
232     09-11-2007            9           10           17           21           35            6                                           
231     09-07-2007           14           19           27           34           48            3                                           
230     09-04-2007            3            6           11           42           46           38                                           
229     08-31-2007            8           18           22           40           44           11                                           
228     08-28-2007           37           40           48           53           56           44                                           
227     08-24-2007            4           21           46           51           53            5                                           
226     08-21-2007            8           38           54           55           56            2                                           
225     08-17-2007            2            8           33           38           53           12                                           
224     08-14-2007            5            8            9           24           34           17                                           
223     08-10-2007           10           20           32           33           54           39                                           
222     08-07-2007           36           41           50           55           56            9                                           
221     08-03-2007           16           29           42           46           51           40                                           
220     07-31-2007            5           18           37           39           43           42                                           
219     07-27-2007            7           12           35           54           55            2                                           
218     07-24-2007            8           17           20           23           50           17                                           
217     07-20-2007            6           13           30           41           52           26                                           
216     07-17-2007           16           30           38           46           51            5                                           
215     07-13-2007            7           39           41           48           53           21                                           
214     07-10-2007           19           24           30           34           56           19                                           
213     07-06-2007            3            9           12           25           47           37                                           
212     07-03-2007           21           35           37           39           40           35                                           
211     06-29-2007            1           17           40           51           52            7                                           
210     06-26-2007            4           10           20           29           45           21                                           
209     06-22-2007           11           14           21           24           31           23                                           
208     06-19-2007            5           16           31           49           54           19                                           
207     06-15-2007            1            5           16           26           30           21                                           
206     06-12-2007            3           13           19           31           50           21                                           
205     06-08-2007            6           26           29           31           39           31                                           
204     06-05-2007           27           35           38           49           56           15                                           
203     06-01-2007           12           19           29           32           48            9                                           
202     05-29-2007            2           24           44           51           54            7                                           
201     05-25-2007           10           14           22           42           43            1                                           
200     05-22-2007            2            7           11           22           36           35                                           
199     05-18-2007           13           23           24           30           44            5                                           
198     05-15-2007            6           13           42           46           56           42                                           
197     05-11-2007           28           30           33           48           54           25                                           
196     05-08-2007           16           24           41           43           54           36                                           
195     05-04-2007            4            9           20           45           55           34                                           
194     05-01-2007           11           16           31           52           53           42                                           
193     04-27-2007            5            7           26           38           56           15                                           
192     04-24-2007            8           10           35           36           43           14                                           
191     04-20-2007            1            9           10           23           53           40                                           
190     04-17-2007            1            4           11           31           47           37                                           
189     04-13-2007           11           14           21           25           26           33                                           
188     04-10-2007            7           15           16           19           28           10                                           
187     04-06-2007           24           32           34           36           39            6                                           
186     04-03-2007           16           26           33           34           46           38                                           
185     03-30-2007           15           23           37           48           53           22                                           
184     03-27-2007           18           25           34           35           42            6                                           
183     03-23-2007           18           21           35           51           53           36                                           
182     03-20-2007            7           21           46           49           55           15                                           
181     03-16-2007           17           25           36           40           43            9                                           
180     03-13-2007            7           11           16           38           49           35                                           
179     03-09-2007           10           13           25           42           43           30                                           
178     03-06-2007           16           22           29           39           42           20                                           
177     03-02-2007           14           21           33           35           51           43                                           
176     02-27-2007           18           31           44           45           48           18                                           
175     02-23-2007            3           18           21           38           50           43                                           
174     02-20-2007            1            9           26           46           51           11                                           
173     02-16-2007           17           35           40           46           48           41                                           
172     02-13-2007            3            9           24           29           41           41                                           
171     02-09-2007           32           39           46           48           49           41                                           
170     02-06-2007           16           21           35           36           46           38                                           
169     02-02-2007           22           33           35           40           53           15                                           
168     01-30-2007           14           18           44           52           56           25                                           
167     01-26-2007           16           17           36           49           54           14                                           
166     01-23-2007            3            5           15           26           53           35                                           
165     01-19-2007            4           28           30           31           35           17                                           
164     01-16-2007            4            8           15           33           52           10                                           
163     01-12-2007           12           14           26           40           42           22                                           
162     01-09-2007            7           11           26           38           54           13                                           
161     01-05-2007            2           12           44           46           51            6                                           
160     01-02-2007            9           10           38           51           53            1                                           
159     12-29-2006            3            4           10           39           50           29                                           
158     12-26-2006            7           12           25           44           53            3                                           
157     12-22-2006            5           12           15           25           34           43                                           
156     12-19-2006            9           32           37           42           48            7                                           
155     12-15-2006            6            7           17           28           40           39                                           
154     12-12-2006           20           30           31           35           49           23                                           
153     12-08-2006            1           15           29           32           45            8                                           
152     12-05-2006            6            9           13           43           46           45                                           
151     12-01-2006           16           22           23           37           53           35                                           
150     11-28-2006            7           14           24           41           56            7                                           
149     11-24-2006           14           35           40           47           48           35                                           
148     11-21-2006            7           13           20           42           47            9                                           
147     11-17-2006            5           19           25           30           50           42                                           
146     11-14-2006            9           20           24           25           36           23                                           
145     11-10-2006           11           42           52           53           55           28                                           
144     11-07-2006           13           22           33           51           52           42                                           
143     11-03-2006            8           10           22           25           55           22                                           
142     10-31-2006            5           34           40           45           46           21                                           
141     10-27-2006           15           22           26           30           32           31                                           
140     10-24-2006            5           25           41           48           51           35                                           
139     10-20-2006            9           13           23           29           54           34                                           
138     10-17-2006            6           18           20           28           38           37                                           
137     10-13-2006           24           27           42           47           50            8                                           
136     10-10-2006           14           30           35           40           43            2                                           
135     10-06-2006            1           11           20           21           46           18                                           
134     10-03-2006            6           19           32           33           40           39                                           
133     09-29-2006            3           25           43           45           55           40                                           
132     09-26-2006            3            6           38           42           45           30                                           
131     09-22-2006            7           12           17           22           43           16                                           
130     09-19-2006            2           19           44           45           56           43                                           
129     09-15-2006            6           26           33           39           55            1                                           
128     09-12-2006            3           16           25           30           44           42                                           
127     09-08-2006            9           17           34           52           53            2                                           
126     09-05-2006            1           32           36           42           53            4                                           
125     09-01-2006            5            6           51           53           55           12                                           
124     08-29-2006           15           25           37           38           52            4                                           
123     08-25-2006           17           24           35           46           54           33                                           
122     08-22-2006            3            4            5            7           36           16                                           
121     08-18-2006            5           12           13           46           50           10                                           
120     08-15-2006           10           12           22           44           48           16                                           
119     08-11-2006           14           16           38           40           49           29                                           
118     08-08-2006            1            5           13           18           33           30                                           
117     08-04-2006            2           24           31           50           55           44                                           
116     08-01-2006           14           29           32           43           49           14                                           
115     07-28-2006            2           13           23           32           35            4                                           
114     07-25-2006            7           21           24           41           51           10                                           
113     07-21-2006           18           26           35           36           43           24                                           
112     07-18-2006           12           13           29           49           52           20                                           
111     07-14-2006           13           25           26           28           56           39                                           
110     07-11-2006            5           14           34           36           52           42                                           
109     07-07-2006            7           15           27           46           56           39                                           
108     07-04-2006            9           15           31           42           45           41                                           
107     06-30-2006           20           40           46           48           54           27                                           
106     06-27-2006            2           14           20           29           44           32                                           
105     06-23-2006           13           17           24           34           56           24                                           
104     06-20-2006           11           21           37           53           54           12                                           
103     06-16-2006           27           30           36           38           45           13                                           
102     06-13-2006            1           20           23           24           33           29                                           
101     06-09-2006            8           17           18           26           47           37                                           
100     06-06-2006            5           29           35           52           53            9                                           
99      06-02-2006            3           10           18           36           38           41                                           
98      05-30-2006            2           13           28           34           45           36                                           
97      05-26-2006           12           14           20           47           48           24                                           
96      05-23-2006           17           21           28           48           54            1                                           
95      05-19-2006            5           12           31           51           56            1                                           
94      05-16-2006            7           24           40           48           50           15                                           
93      05-12-2006            6           36           39           45           52           45                                           
92      05-09-2006            7           15           24           43           44           22                                           
91      05-05-2006            8           20           39           53           55           10                                           
90      05-02-2006            7           11           22           27           31           33                                           
89      04-28-2006           16           29           32           36           55           12                                           
88      04-25-2006            1           20           32           37           39            9                                           
87      04-21-2006            2            4            7           27           41            4                                           
86      04-18-2006           13           14           25           34           50            6                                           
85      04-14-2006            8           10           18           29           33           10                                           
84      04-11-2006            2           12           45           46           56           20                                           
83      04-07-2006            1           18           31           46           52           37                                           
82      04-04-2006            9           25           48           51           56            7                                           
81      03-31-2006            4            7           19           50           52           15                                           
80      03-28-2006           14           18           35           39           49           14                                           
79      03-24-2006            1            2           17           47           49           19                                           
78      03-21-2006            4           16           17           28           31            8                                           
77      03-17-2006            8           11           23           48           52            5                                           
76      03-14-2006           27           28           30           42           50           22                                           
75      03-10-2006            4           17           18           51           54           31                                           
74      03-07-2006           15           27           36           38           42           32                                           
73      03-03-2006           25           29           38           39           46            4                                           
72      02-28-2006            2            4           35           36           48           22                                           
71      02-24-2006            3            5           12           16           34           27                                           
70      02-21-2006           14           23           27           36           45           36                                           
69      02-17-2006           16           25           31           43           46           28                                           
68      02-14-2006           27           36           43           49           54           33                                           
67      02-10-2006           24           39           40           43           46            2                                           
66      02-07-2006            2           16           25           30           48           26                                           
65      02-03-2006           29           31           32           41           52           42                                           
64      01-31-2006            1           35           53           54           56           44                                           
63      01-27-2006            2            7            8           18           29           46                                           
62      01-24-2006           31           34           36           51           55            4                                           
61      01-20-2006           18           22           28           44           53           46                                           
60      01-17-2006           24           32           37           39           40           44                                           
59      01-13-2006            5           21           27           44           53           36                                           
58      01-10-2006            7           27           32           37           38           30                                           
57      01-06-2006            8           11           28           37           53           12                                           
56      01-03-2006           15           19           20           32           38           21                                           
55      12-30-2005           14           20           25           40           44           37                                           
54      12-27-2005           11           24           27           49           55           23                                           
53      12-23-2005           10           37           39           49           54            8                                           
52      12-20-2005            6           20           23           40           56           36                                           
51      12-16-2005           14           25           26           31           56           17                                           
50      12-13-2005            9           10           12           22           41            4                                           
49      12-09-2005           14           15           31           32           43           20                                           
48      12-06-2005            6           10           26           30           33           16                                           
47      12-02-2005            3           12           21           38           44           45                                           
46      11-29-2005            7            8           47           51           52            5                                           
45      11-25-2005            5           25           31           33           34           41                                           
44      11-22-2005            9           22           37           41           43           30                                           
43      11-18-2005            8           18           21           42           46           11                                           
42      11-15-2005            2            4            5           40           48            7                                           
41      11-11-2005            9           14           34           50           51           40                                           
40      11-08-2005            8           16           21           25           27           16                                           
39      11-04-2005            7            9           41           53           54           38                                           
38      11-01-2005            5           18           21           28           36           20                                           
37      10-28-2005            8           17           25           28           53            1                                           
36      10-25-2005            7           12           18           31           55           30                                           
35      10-21-2005           11           17           28           29           36           42                                           
34      10-18-2005            3           12           16           32           33           15                                           
33      10-14-2005            6           20           24           25           34           44                                           
32      10-11-2005           24           30           42           53           54           20                                           
31      10-07-2005            2            4           23           27           36           37                                           
30      10-04-2005           12           24           28           29           36           41                                           
29      09-30-2005            1            3           14           30           52           10                                           
28      09-27-2005           14           17           26           27           28            5                                           
27      09-23-2005            6            7           20           41           51           38                                           
26      09-20-2005           35           36           40           42           52           45                                           
25      09-16-2005            5           16           41           46           50            1                                           
24      09-13-2005           13           24           44           48           52           30                                           
23      09-09-2005           15           28           43           51           52           11                                           
22      09-06-2005            1            8           27           31           50           40                                           
21      09-02-2005            1            4           14           45           53           33                                           
20      08-30-2005           19           32           42           49           56           29                                           
19      08-26-2005            5           20           38           47           54           35                                           
18      08-23-2005            6            7            8           13           40           12                                           
17      08-19-2005            2           13           18           36           46           36                                           
16      08-16-2005            9           15           20           24           55            3                                           
15      08-12-2005            8           37           38           45           54           21                                           
14      08-09-2005           13           35           36           43           52            5                                           
13      08-05-2005            3            5           48           50           53            4                                           
12      08-02-2005           17           22           39           50           52           46                                           
11      07-29-2005            4           16           23           25           40           22                                           
10      07-26-2005            1           10           18           29           55            8                                           
9       07-22-2005            7           18           27           35           54           34                                           
8       07-19-2005            7           13           48           51           54           11                                           
7       07-15-2005            9           13           25           36           48            2                                           
6       07-12-2005            5           17           32           39           53           36                                           
5       07-08-2005            9           23           45           48           50            3                                           
4       07-05-2005           22           38           48           50           55           29                                           
3       07-01-2005           14           25           41           42           50           40                                           
2       06-28-2005            2           20           37           43           46            4                                           
1       06-24-2005           14           43           44           50           56            7                                           
